64 1
65 1
66 1
67 1
68 1
69 1
70 1
71 1
72 1
73 1
74 1
75 1
76 1
77 1
78 1
79 1
80 1
81 1
82 1
83 1
84 1
85 1
86 1
87 1
88 1
89 1
90 1
92 1
93 1
94 1
95 1
96 1
97 1
98 1
99 1
100 1
101 1
102 1
103 1
104 1
105 1
106 1
107 1
108 1
113 1
66 2
68 2
85 2
92 2
97 2
102 2
104 2
110 2
113 2
64 3
66 3
67 3
69 3
71 3
84 3
88 3
89 3
90 3
95 3
96 3
97 3
98 3
105 3
106 3
108 3
110 3
113 3
67 4
90 4
108 4
64 5
69 5
70 5
73 5
76 5
78 5
81 5
89 5
95 5
96 5
99 5
106 5
66 6
69 6
78 6
81 6
84 6
88 6
89 6
90 6
94 6
96 6
97 6
99 6
106 6
67 7
69 7
83 7
98 7
65 8
99 8
105 8
103 9
67 10
64 11
65 11
67 11
69 11
71 11
76 11
78 11
80 11
83 11
84 11
86 11
88 11
90 11
94 11
95 11
97 11
98 11
99 11
101 11
103 11
106 11
108 11
64 12
65 12
66 12
67 12
69 12
70 12
71 12
73 12
74 12
76 12
78 12
79 12
80 12
81 12
82 12
83 12
84 12
86 12
87 12
88 12
89 12
90 12
94 12
95 12
96 12
97 12
98 12
99 12
101 12
103 12
105 12
106 12
107 12
108 12
70 13
71 13
89 13
95 13
99 13
103 13
105 13
106 13
65 14
67 14
69 14
84 14
90 14
94 14
73 15
88 15
89 15
90 15
94 15
96 15
103 15
64 16
65 16
67 16
69 16
70 16
71 16
73 16
74 16
75 16
76 16
78 16
79 16
80 16
81 16
83 16
84 16
86 16
87 16
88 16
89 16
90 16
94 16
95 16
96 16
97 16
98 16
99 16
103 16
105 16
106 16
108 16
64 17
65 17
66 17
67 17
69 17
70 17
71 17
73 17
74 17
75 17
76 17
78 17
79 17
80 17
81 17
82 17
83 17
84 17
86 17
87 17
88 17
89 17
90 17
94 17
95 17
96 17
97 17
98 17
99 17
101 17
103 17
105 17
106 17
107 17
108 17
103 18
64 19
66 19
67 19
69 19
70 19
71 19
73 19
74 19
75 19
78 19
79 19
84 19
86 19
89 19
90 19
95 19
96 19
103 19
105 19
106 19
107 19
67 20
69 20
105 20
79 21
64 22
65 22
67 22
69 22
70 22
71 22
78 22
89 22
90 22
94 22
95 22
96 22
97 22
98 22
99 22
103 22
106 22
107 22
64 23
65 23
66 23
67 23
69 23
70 23
71 23
74 23
75 23
76 23
78 23
79 23
81 23
82 23
83 23
84 23
86 23
87 23
88 23
89 23
96 23
97 23
99 23
101 23
103 23
105 23
106 23
107 23
108 23
64 24
69 24
86 24
96 24
103 24
64 25
67 25
69 25
78 25
80 25
84 25
97 25
64 26
66 26
69 26
70 26
78 26
82 26
84 26
90 26
99 26
106 26
64 27
67 27
69 27
78 27
79 27
84 27
87 27
89 27
97 27
98 27
99 27
103 27
106 27
64 28
65 28
66 28
67 28
69 28
71 28
74 28
75 28
76 28
78 28
79 28
81 28
83 28
84 28
86 28
88 28
89 28
90 28
95 28
105 28
106 28
108 28
64 29
65 29
67 29
70 29
71 29
74 29
75 29
83 29
84 29
88 29
90 29
94 29
95 29
96 29
97 29
99 29
103 29
105 29
106 29
107 29
108 29
64 30
67 30
69 30
70 30
71 30
74 30
75 30
84 30
86 30
89 30
90 30
95 30
96 30
97 30
103 30
105 30
64 31
65 31
67 31
69 31
70 31
71 31
73 31
74 31
75 31
76 31
78 31
79 31
80 31
81 31
83 31
84 31
86 31
87 31
88 31
89 31
90 31
94 31
95 31
96 31
97 31
98 31
99 31
101 31
103 31
105 31
106 31
107 31
108 31
69 32
71 32
74 32
80 32
86 32
99 32
65 33
67 33
70 33
71 33
76 33
79 33
86 33
87 33
88 33
89 33
90 33
95 33
96 33
103 33
105 33
108 33
64 34
65 34
67 34
69 34
70 34
71 34
73 34
75 34
76 34
78 34
79 34
80 34
83 34
84 34
86 34
88 34
89 34
90 34
94 34
95 34
96 34
97 34
99 34
101 34
103 34
105 34
106 34
107 34
106 35
65 36
69 36
71 36
78 36
86 36
88 36
94 36
99 36
103 36
106 36
87 37
98 37
107 37
67 38
67 39
71 39
99 39
64 40
65 40
66 40
67 40
69 40
71 40
73 40
74 40
75 40
76 40
78 40
79 40
80 40
81 40
83 40
84 40
86 40
87 40
88 40
89 40
90 40
94 40
95 40
96 40
97 40
98 40
99 40
101 40
103 40
105 40
106 40
108 40
64 41
65 41
67 41
69 41
70 41
73 41
79 41
80 41
84 41
86 41
87 41
88 41
96 41
97 41
98 41
99 41
103 41
105 41
106 41
107 41
65 42
65 43
70 43
71 43
76 43
89 43
90 43
94 43
95 43
98 43
105 43
106 43
107 43
108 43
67 44
69 44
71 44
73 44
78 44
84 44
90 44
105 44
64 45
65 45
66 45
67 45
69 45
70 45
71 45
73 45
74 45
76 45
78 45
79 45
83 45
84 45
86 45
88 45
89 45
90 45
94 45
95 45
96 45
97 45
98 45
99 45
101 45
103 45
105 45
106 45
107 45
108 45
75 46
66 47
67 47
69 47
70 47
71 47
73 47
74 47
78 47
81 47
83 47
86 47
89 47
90 47
95 47
98 47
103 47
105 47
106 47
97 48
105 48
107 48
64 49
67 49
70 49
73 49
86 49
101 49
103 49
108 49
69 50
82 50
84 50
86 50
94 50
103 50
108 50
64 51
65 51
66 51
67 51
69 51
70 51
71 51
73 51
74 51
75 51
76 51
78 51
79 51
81 51
83 51
84 51
86 51
88 51
89 51
90 51
94 51
95 51
97 51
98 51
99 51
101 51
103 51
105 51
107 51
64 52
65 52
66 52
67 52
69 52
70 52
71 52
74 52
75 52
76 52
78 52
79 52
83 52
84 52
86 52
89 52
90 52
94 52
95 52
96 52
97 52
98 52
99 52
103 52
105 52
106 52
107 52
67 53
69 53
84 53
86 53
74 54
75 54
89 54
96 54
78 55
87 55
64 56
65 56
66 56
67 56
70 56
71 56
74 56
75 56
76 56
84 56
87 56
89 56
90 56
95 56
99 56
105 56
64 57
67 57
86 57
89 57
105 57
74 58
65 59
66 59
69 59
78 59
83 59
84 59
78 60
90 60
97 60
64 61
94 61
64 62
66 62
67 62
69 62
74 62
75 62
78 62
84 62
89 62
98 62
105 62
90 63
113 65
113 66
113 67
113 68
113 69
85 71
92 71
109 71
112 71
113 71
85 73
85 74
91 74
113 74
85 76
92 76
100 76
103 76
104 76
106 76
109 76
110 76
112 76
113 76
85 78
91 78
92 78
100 78
104 78
110 78
113 78
113 79
113 84
113 85
64 86
68 86
104 86
110 86
113 86
104 90
113 91
113 92
113 93
113 94
85 96
92 96
104 96
110 96
113 99
113 102
113 103
92 104
104 104
113 104
85 105
110 106
113 107
109 109
112 109
113 112
