47 1
48 1
49 1
50 1
52 1
53 1
54 1
55 1
57 1
58 1
59 1
60 1
61 1
63 1
64 1
65 1
66 1
67 1
68 1
70 1
71 1
73 1
74 1
75 1
76 1
77 1
80 1
81 1
82 1
83 1
84 1
85 1
86 1
88 1
90 1
91 1
92 1
47 2
49 2
52 2
53 2
54 2
61 2
76 2
77 2
81 2
82 2
83 2
86 2
88 2
91 2
49 3
50 3
53 3
58 3
61 3
65 3
66 3
67 3
70 3
74 3
76 3
77 3
80 3
83 3
84 3
91 3
92 3
47 4
49 4
52 4
53 4
61 4
64 4
70 4
76 4
77 4
81 4
82 4
85 4
91 4
61 5
91 5
47 6
55 6
58 6
64 6
68 6
70 6
76 6
77 6
81 6
82 6
88 6
90 6
92 6
58 7
73 7
76 7
77 7
47 8
48 8
49 8
50 8
52 8
53 8
54 8
57 8
58 8
59 8
60 8
61 8
63 8
64 8
65 8
66 8
67 8
68 8
70 8
71 8
73 8
74 8
76 8
77 8
80 8
81 8
82 8
83 8
84 8
85 8
86 8
88 8
91 8
47 9
54 9
55 9
57 9
60 9
61 9
63 9
65 9
66 9
67 9
68 9
70 9
76 9
77 9
81 9
82 9
86 9
61 10
91 10
47 11
48 11
49 11
58 11
61 11
70 11
81 11
82 11
83 11
49 12
50 12
53 12
54 12
55 12
61 12
64 12
70 12
71 12
73 12
74 12
76 12
77 12
81 12
82 12
83 12
86 12
88 12
91 12
92 12
49 13
50 13
53 13
54 13
61 13
65 13
66 13
67 13
68 13
70 13
74 13
86 13
47 14
48 14
49 14
50 14
52 14
53 14
54 14
55 14
58 14
59 14
61 14
64 14
65 14
66 14
67 14
70 14
71 14
74 14
76 14
77 14
81 14
82 14
83 14
86 14
88 14
91 14
50 15
52 15
53 15
58 15
59 15
61 15
65 15
66 15
67 15
70 15
73 15
74 15
76 15
77 15
80 15
83 15
84 15
90 15
91 15
53 16
61 16
70 16
83 16
47 17
49 17
54 17
61 17
70 17
71 17
83 17
85 17
86 17
91 17
47 18
49 18
50 18
52 18
53 18
54 18
55 18
57 18
58 18
59 18
60 18
63 18
64 18
70 18
73 18
74 18
76 18
77 18
81 18
82 18
86 18
88 18
49 19
83 19
47 20
49 20
50 20
52 20
53 20
54 20
55 20
57 20
58 20
59 20
60 20
61 20
63 20
64 20
65 20
66 20
67 20
70 20
71 20
73 20
74 20
76 20
77 20
80 20
81 20
82 20
83 20
84 20
85 20
86 20
88 20
91 20
47 21
49 21
50 21
53 21
54 21
57 21
58 21
59 21
60 21
61 21
63 21
64 21
65 21
66 21
67 21
68 21
70 21
73 21
74 21
76 21
77 21
80 21
81 21
82 21
83 21
84 21
85 21
86 21
88 21
90 21
91 21
47 22
61 22
81 22
82 22
47 23
61 23
61 24
65 24
66 24
67 24
81 24
82 24
83 24
50 25
53 25
58 25
61 25
70 25
74 25
88 25
91 25
70 26
61 27
65 27
66 27
67 27
68 27
76 27
77 27
53 28
76 28
77 28
61 29
64 29
71 29
76 29
77 29
50 30
58 30
64 30
74 30
83 30
47 31
49 31
50 31
53 31
54 31
55 31
57 31
58 31
60 31
61 31
68 31
70 31
71 31
74 31
76 31
77 31
81 31
82 31
83 31
86 31
91 31
50 32
53 32
61 32
74 32
76 32
77 32
83 32
53 33
68 33
76 33
77 33
57 34
60 34
61 34
70 34
71 34
61 35
68 35
70 35
49 36
53 36
61 36
65 36
66 36
67 36
70 36
73 36
76 36
77 36
81 36
82 36
83 36
88 36
91 36
50 37
59 37
73 37
74 37
83 37
49 38
68 38
70 38
76 38
77 38
49 39
53 39
61 39
70 39
47 40
49 40
50 40
52 40
53 40
55 40
57 40
60 40
61 40
63 40
64 40
65 40
66 40
67 40
68 40
70 40
71 40
73 40
74 40
76 40
77 40
83 40
88 40
91 40
49 41
50 41
53 41
57 41
58 41
60 41
61 41
70 41
74 41
76 41
77 41
83 41
88 41
50 42
70 42
74 42
88 42
92 42
47 43
49 43
50 43
52 43
53 43
58 43
59 43
61 43
63 43
70 43
73 43
74 43
76 43
77 43
83 43
88 43
91 43
47 44
49 44
50 44
53 44
54 44
61 44
63 44
65 44
66 44
67 44
68 44
70 44
74 44
76 44
77 44
83 44
86 44
91 44
47 45
71 45
90 45
48 46
49 46
51 46
63 46
89 46
93 46
95 46
96 46
51 49
96 49
95 50
96 50
96 51
47 52
94 52
47 53
49 53
51 53
61 53
63 53
69 53
72 53
73 53
78 53
89 53
94 53
95 53
96 53
72 54
49 55
51 56
51 58
95 58
96 58
51 59
78 59
95 59
96 59
47 60
51 60
62 60
71 60
72 60
78 60
79 60
87 60
89 60
91 60
94 60
95 60
96 60
47 63
49 63
51 63
69 63
72 63
73 63
75 63
78 63
87 63
94 63
96 63
49 64
51 64
69 64
72 64
78 64
95 64
96 64
95 66
47 67
94 67
96 70
95 72
96 72
48 73
51 73
89 73
93 73
95 73
96 73
72 74
49 76
51 76
95 76
95 78
96 78
78 80
55 82
49 83
51 83
72 83
51 86
78 86
95 86
96 86
51 87
96 89
51 91
96 91
95 93
51 94
95 94
96 94
