54 1
55 1
57 1
58 1
59 1
61 1
62 1
63 1
64 1
65 1
66 1
67 1
68 1
71 1
72 1
74 1
75 1
79 1
80 1
81 1
83 1
84 1
87 1
89 1
90 1
91 1
92 1
94 1
56 2
60 2
78 2
85 2
88 2
95 2
54 3
55 3
57 3
59 3
71 3
72 3
74 3
80 3
87 3
90 3
93 3
94 3
54 4
55 4
57 4
70 4
71 4
74 4
54 5
55 5
57 5
58 5
59 5
61 5
62 5
63 5
64 5
65 5
66 5
67 5
68 5
70 5
71 5
72 5
73 5
74 5
79 5
80 5
81 5
84 5
87 5
90 5
55 6
57 6
58 6
61 6
63 6
65 6
66 6
67 6
70 6
71 6
72 6
73 6
74 6
79 6
80 6
81 6
87 6
90 6
55 7
58 7
62 7
65 7
70 7
72 7
73 7
79 7
89 7
90 8
70 9
54 10
55 10
59 10
61 10
62 10
65 10
66 10
67 10
70 10
71 10
72 10
74 10
79 10
80 10
81 10
84 10
89 10
90 10
91 10
92 10
94 10
55 11
57 11
58 11
59 11
61 11
62 11
63 11
64 11
65 11
66 11
67 11
68 11
70 11
71 11
73 11
74 11
75 11
79 11
80 11
81 11
84 11
87 11
89 11
90 11
91 11
92 11
55 12
58 12
68 12
70 12
72 12
74 12
72 13
74 13
54 14
63 14
70 14
73 14
54 15
55 15
58 15
59 15
61 15
62 15
64 15
65 15
66 15
67 15
70 15
71 15
73 15
74 15
75 15
79 15
80 15
87 15
89 15
90 15
91 15
92 15
55 16
57 16
58 16
61 16
62 16
63 16
66 16
67 16
71 16
72 16
74 16
79 16
80 16
81 16
90 16
91 16
92 16
59 17
70 17
71 17
74 17
87 17
55 18
54 19
55 19
57 19
58 19
61 19
62 19
65 19
66 19
67 19
70 19
71 19
72 19
73 19
74 19
79 19
80 19
81 19
84 19
87 19
90 19
54 20
55 20
57 20
58 20
59 20
61 20
62 20
63 20
64 20
65 20
66 20
67 20
70 20
71 20
72 20
74 20
75 20
79 20
80 20
81 20
82 20
84 20
87 20
89 20
90 20
91 20
92 20
61 21
54 22
55 22
57 22
58 22
59 22
61 22
71 22
74 22
79 22
81 22
84 22
90 22
61 23
54 24
55 24
57 24
58 24
61 24
65 24
66 24
67 24
68 24
70 24
71 24
72 24
73 24
74 24
79 24
80 24
81 24
84 24
87 24
90 24
58 25
59 25
74 25
80 25
87 25
54 26
55 26
58 26
61 26
62 26
63 26
64 26
65 26
66 26
70 26
72 26
73 26
75 26
79 26
80 26
81 26
82 26
84 26
87 26
89 26
90 26
91 26
92 26
94 26
54 27
55 27
58 27
61 27
62 27
64 27
70 27
71 27
72 27
73 27
74 27
79 27
81 27
90 27
55 28
54 29
57 29
59 29
65 29
66 29
67 29
70 29
72 29
73 29
74 29
79 29
80 29
81 29
82 29
84 29
87 29
94 29
80 30
54 31
55 31
58 31
59 31
61 31
64 31
65 31
66 31
70 31
71 31
73 31
80 31
81 31
87 31
59 32
62 32
63 32
65 32
66 32
70 32
71 32
72 32
74 32
75 32
79 32
81 32
87 32
54 33
55 33
66 33
74 33
80 33
94 33
55 34
57 34
58 34
59 34
61 34
66 34
70 34
71 34
72 34
79 34
80 34
81 34
71 35
54 36
55 36
58 36
71 36
74 36
94 36
54 37
55 37
58 37
61 37
62 37
65 37
66 37
67 37
71 37
73 37
79 37
81 37
84 37
87 37
91 37
92 37
58 38
59 38
65 38
70 38
71 38
74 38
81 38
55 39
57 39
62 39
65 39
66 39
67 39
70 39
71 39
72 39
73 39
74 39
79 39
80 39
90 39
55 40
58 40
59 40
70 40
79 40
80 40
81 40
87 40
90 40
63 41
66 41
67 41
74 41
81 41
87 41
90 41
65 42
74 43
67 44
71 44
81 44
87 44
58 45
67 45
58 46
61 46
62 46
64 46
65 46
66 46
70 46
71 46
72 46
75 46
79 46
80 46
81 46
80 47
94 47
55 48
57 48
58 48
59 48
61 48
62 48
63 48
64 48
66 48
70 48
71 48
72 48
73 48
74 48
75 48
79 48
80 48
84 48
87 48
90 48
55 49
55 50
57 50
58 50
59 50
66 50
68 50
70 50
72 50
73 50
74 50
80 50
84 50
90 50
94 50
54 51
59 52
66 52
70 52
73 52
81 52
90 52
63 53
67 53
88 54
95 55
95 56
69 58
86 58
94 58
95 58
69 61
78 61
86 61
69 62
86 62
85 63
88 63
60 64
69 64
76 64
78 64
85 64
86 64
88 64
95 67
95 69
56 70
69 70
86 70
88 70
95 70
95 71
85 72
95 72
69 76
76 76
86 76
95 76
76 80
88 80
95 86
95 88
95 90
95 92
