52 1
54 1
55 1
56 1
57 1
59 1
60 1
61 1
62 1
63 1
64 1
65 1
66 1
67 1
68 1
70 1
71 1
73 1
74 1
75 1
76 1
77 1
78 1
79 1
84 1
85 1
86 1
87 1
88 1
89 1
91 1
93 1
95 1
96 1
97 1
99 1
101 1
102 1
52 2
54 2
56 2
57 2
64 2
71 2
73 2
74 2
75 2
76 2
77 2
78 2
84 2
86 2
87 2
88 2
89 2
91 2
95 2
96 2
97 2
99 2
101 2
102 2
52 3
56 3
57 3
65 3
71 3
73 3
74 3
77 3
78 3
79 3
84 3
85 3
86 3
87 3
88 3
89 3
93 3
95 3
96 3
99 3
101 3
102 3
52 4
57 4
60 4
61 4
62 4
63 4
64 4
66 4
67 4
68 4
70 4
71 4
73 4
75 4
76 4
77 4
78 4
79 4
84 4
85 4
86 4
87 4
88 4
95 4
96 4
99 4
101 4
102 4
62 5
63 5
68 5
70 5
73 5
77 5
88 5
95 5
96 5
102 5
57 6
73 6
79 6
88 6
93 6
95 6
96 6
78 7
95 7
96 7
101 7
57 8
60 8
61 8
71 8
73 8
88 8
95 8
96 8
101 8
57 9
52 10
55 10
56 10
57 10
60 10
61 10
62 10
63 10
64 10
68 10
70 10
71 10
73 10
74 10
75 10
76 10
77 10
78 10
79 10
84 10
85 10
86 10
87 10
88 10
89 10
91 10
93 10
95 10
96 10
97 10
99 10
101 10
102 10
52 11
55 11
56 11
57 11
71 11
73 11
74 11
75 11
76 11
77 11
78 11
84 11
85 11
86 11
87 11
88 11
89 11
91 11
93 11
95 11
96 11
97 11
99 11
101 11
102 11
52 12
78 12
84 12
86 12
87 12
99 12
102 12
52 13
59 13
99 13
55 14
57 14
73 14
75 14
76 14
78 14
84 14
88 14
93 14
95 14
96 14
101 14
102 14
52 15
55 15
57 15
60 15
61 15
62 15
63 15
65 15
66 15
67 15
68 15
70 15
73 15
74 15
75 15
76 15
77 15
78 15
79 15
84 15
85 15
86 15
87 15
88 15
89 15
93 15
95 15
96 15
99 15
101 15
102 15
52 16
56 16
59 16
60 16
61 16
62 16
63 16
64 16
66 16
67 16
68 16
70 16
73 16
75 16
76 16
77 16
78 16
79 16
84 16
85 16
86 16
87 16
88 16
95 16
96 16
99 16
102 16
52 17
55 17
57 17
62 17
68 17
71 17
73 17
74 17
75 17
76 17
78 17
79 17
84 17
86 17
87 17
88 17
89 17
91 17
93 17
97 17
99 17
101 17
102 17
52 18
55 18
74 18
75 18
76 18
78 18
86 18
93 18
95 18
96 18
99 18
102 18
52 19
57 19
60 19
61 19
71 19
73 19
75 19
76 19
78 19
79 19
86 19
87 19
88 19
89 19
91 19
97 19
99 19
101 19
102 19
52 20
57 20
62 20
63 20
65 20
68 20
70 20
73 20
74 20
75 20
76 20
77 20
78 20
79 20
84 20
85 20
86 20
88 20
89 20
91 20
93 20
95 20
96 20
97 20
99 20
102 20
52 21
57 21
59 21
60 21
61 21
63 21
64 21
66 21
67 21
70 21
73 21
74 21
84 21
87 21
88 21
93 21
95 21
96 21
99 21
101 21
102 21
66 22
67 22
78 22
79 22
87 22
91 22
97 22
101 22
102 22
52 23
55 23
57 23
59 23
60 23
61 23
62 23
64 23
65 23
66 23
67 23
68 23
73 23
74 23
75 23
76 23
77 23
78 23
79 23
84 23
85 23
86 23
87 23
88 23
93 23
95 23
96 23
99 23
101 23
102 23
52 24
55 24
62 24
68 24
73 24
78 24
79 24
86 24
88 24
89 24
91 24
93 24
95 24
96 24
97 24
99 24
102 24
55 25
66 25
67 25
73 25
88 25
102 25
57 26
74 26
79 26
84 26
101 26
102 26
52 27
57 27
71 27
77 27
85 27
86 27
87 27
91 27
93 27
97 27
99 27
52 28
55 28
57 28
60 28
61 28
62 28
63 28
68 28
70 28
71 28
73 28
75 28
76 28
78 28
79 28
84 28
85 28
87 28
88 28
95 28
96 28
99 28
101 28
102 28
52 29
57 29
73 29
74 29
75 29
76 29
78 29
84 29
85 29
86 29
88 29
89 29
91 29
95 29
96 29
97 29
99 29
101 29
102 29
52 30
57 30
60 30
61 30
63 30
70 30
75 30
76 30
77 30
78 30
85 30
86 30
87 30
93 30
95 30
96 30
99 30
101 30
102 30
59 31
62 31
68 31
74 31
78 31
84 31
86 31
89 31
101 31
102 31
52 32
55 32
57 32
62 32
64 32
68 32
71 32
73 32
74 32
75 32
76 32
78 32
84 32
87 32
88 32
89 32
91 32
93 32
95 32
96 32
97 32
99 32
101 32
102 32
52 33
57 33
62 33
68 33
75 33
76 33
77 33
78 33
79 33
84 33
86 33
87 33
89 33
95 33
96 33
99 33
101 33
102 33
71 34
73 34
78 34
79 34
84 34
87 34
88 34
91 34
93 34
97 34
57 35
91 35
97 35
52 36
57 36
71 36
74 36
75 36
76 36
78 36
79 36
84 36
85 36
87 36
89 36
91 36
95 36
96 36
97 36
99 36
101 36
102 36
55 37
56 37
57 37
59 37
63 37
70 37
71 37
73 37
78 37
79 37
87 37
88 37
93 37
95 37
96 37
101 37
102 37
57 38
52 39
59 39
73 39
75 39
76 39
79 39
87 39
88 39
99 39
101 39
102 39
52 40
57 40
71 40
74 40
75 40
76 40
78 40
86 40
91 40
97 40
99 40
101 40
102 40
52 41
55 41
56 41
57 41
59 41
62 41
63 41
64 41
65 41
66 41
67 41
68 41
70 41
73 41
74 41
75 41
76 41
77 41
78 41
79 41
87 41
88 41
89 41
91 41
93 41
95 41
96 41
97 41
99 41
102 41
57 42
66 42
67 42
71 42
74 42
75 42
76 42
78 42
84 42
87 42
91 42
97 42
101 42
102 42
86 43
95 43
96 43
52 44
55 44
57 44
71 44
75 44
76 44
78 44
84 44
85 44
87 44
89 44
91 44
93 44
97 44
99 44
101 44
102 44
65 45
73 45
88 45
52 46
55 46
57 46
60 46
61 46
62 46
63 46
64 46
68 46
70 46
73 46
74 46
75 46
76 46
78 46
79 46
84 46
85 46
87 46
88 46
89 46
93 46
95 46
96 46
99 46
101 46
102 46
52 47
55 47
56 47
57 47
59 47
60 47
61 47
64 47
71 47
73 47
74 47
75 47
76 47
77 47
78 47
79 47
84 47
86 47
87 47
88 47
89 47
91 47
93 47
95 47
96 47
97 47
99 47
101 47
102 47
50 48
50 49
51 49
52 49
69 49
72 49
80 49
83 49
90 49
92 49
98 49
99 49
100 49
103 49
105 49
107 49
103 50
105 50
107 50
72 51
83 51
92 51
98 51
103 51
104 51
105 51
107 51
104 52
105 52
107 52
107 53
53 54
106 54
107 54
50 55
107 55
53 56
55 56
102 56
53 57
72 57
106 57
107 57
53 58
103 58
105 58
53 59
51 60
52 60
69 60
72 60
81 60
82 60
83 60
94 60
98 60
99 60
104 60
105 60
107 60
72 61
107 61
50 62
51 62
52 62
57 62
72 62
78 62
83 62
98 62
99 62
105 62
105 63
50 64
51 64
53 64
72 64
78 64
95 64
96 64
104 64
105 64
107 64
50 65
69 65
78 65
92 65
104 65
105 65
107 65
50 67
69 67
105 69
69 70
92 70
105 70
107 70
103 71
104 71
106 71
107 71
53 72
83 72
98 72
105 72
107 72
50 73
51 73
52 73
53 73
72 73
78 73
89 73
93 73
94 73
99 73
101 73
102 73
103 73
104 73
105 73
107 73
84 75
103 75
106 75
53 76
53 77
104 77
107 77
106 78
51 79
53 79
72 79
54 80
103 80
104 80
105 80
107 80
104 82
105 82
107 82
83 83
98 83
80 84
83 84
90 84
93 84
95 84
96 84
98 84
100 84
105 84
107 84
95 86
96 86
53 87
102 87
103 87
50 88
51 88
83 88
98 88
51 90
106 90
105 92
103 93
105 93
107 93
53 94
104 94
105 94
107 94
53 96
69 96
72 96
103 96
104 96
105 96
106 96
107 96
105 97
53 98
105 98
107 98
105 99
53 100
72 100
90 100
53 101
107 101
103 102
105 102
107 102
