57 1
58 1
59 1
60 1
61 1
63 1
65 1
66 1
67 1
68 1
69 1
70 1
71 1
72 1
73 1
74 1
75 1
76 1
77 1
78 1
79 1
80 1
82 1
83 1
84 1
85 1
86 1
87 1
89 1
90 1
91 1
92 1
93 1
96 1
97 1
98 1
99 1
100 1
101 1
102 1
103 1
104 1
105 1
106 1
107 1
108 1
109 1
59 2
78 2
85 2
99 2
101 2
102 2
108 2
109 2
57 3
58 3
59 3
60 3
61 3
62 3
68 3
69 3
71 3
74 3
75 3
81 3
87 3
91 3
92 3
97 3
100 3
102 3
104 3
108 3
57 4
59 4
68 4
74 4
75 4
81 4
97 4
102 4
108 4
57 5
59 5
60 5
61 5
63 5
64 5
67 5
68 5
74 5
76 5
79 5
81 5
90 5
93 5
94 5
95 5
97 5
102 5
108 5
59 6
60 6
61 6
67 6
69 6
73 6
76 6
77 6
79 6
81 6
82 6
89 6
93 6
94 6
98 6
100 6
102 6
108 6
64 7
76 7
60 8
63 8
68 8
79 8
82 8
89 8
93 8
95 8
102 8
108 8
59 9
60 9
61 9
67 9
69 9
72 9
73 9
75 9
82 9
95 9
58 10
60 10
61 10
63 10
64 10
67 10
69 10
71 10
73 10
74 10
76 10
77 10
79 10
80 10
82 10
89 10
91 10
92 10
93 10
94 10
96 10
98 10
100 10
105 10
59 11
60 11
61 11
63 11
67 11
68 11
77 11
79 11
80 11
81 11
91 11
92 11
93 11
95 11
96 11
100 11
102 11
108 11
59 12
60 12
68 12
76 12
91 12
100 12
59 13
61 13
63 13
67 13
69 13
77 13
79 13
91 13
92 13
93 13
94 13
98 13
100 13
57 14
59 14
60 14
61 14
63 14
64 14
67 14
68 14
69 14
71 14
77 14
79 14
82 14
89 14
91 14
92 14
93 14
94 14
95 14
98 14
100 14
102 14
105 14
108 14
60 15
61 15
63 15
64 15
67 15
69 15
75 15
76 15
77 15
79 15
80 15
81 15
82 15
89 15
91 15
92 15
93 15
94 15
95 15
96 15
98 15
100 15
105 15
67 16
73 16
59 17
61 17
63 17
71 17
75 17
81 17
94 17
102 17
108 17
59 18
60 19
57 20
58 20
59 20
60 20
61 20
63 20
67 20
68 20
69 20
71 20
72 20
73 20
74 20
75 20
76 20
77 20
79 20
81 20
82 20
90 20
91 20
92 20
93 20
94 20
95 20
102 20
108 20
58 21
59 21
60 21
61 21
63 21
67 21
69 21
72 21
73 21
74 21
76 21
79 21
82 21
91 21
92 21
93 21
94 21
95 21
100 21
102 21
105 21
108 21
60 22
81 22
57 23
58 23
59 23
60 23
61 23
63 23
69 23
71 23
76 23
77 23
79 23
81 23
82 23
91 23
92 23
93 23
100 23
105 23
60 24
72 24
73 24
77 24
91 24
57 25
58 25
59 25
60 25
61 25
62 25
63 25
67 25
68 25
69 25
72 25
73 25
74 25
76 25
77 25
79 25
81 25
82 25
89 25
92 25
93 25
95 25
97 25
102 25
108 25
64 26
57 27
61 27
63 27
67 27
68 27
69 27
71 27
73 27
79 27
82 27
93 27
98 27
102 27
108 27
57 28
59 28
60 28
61 28
63 28
67 28
68 28
71 28
72 28
76 28
77 28
79 28
81 28
93 28
95 28
97 28
98 28
102 28
108 28
59 29
60 29
61 29
62 29
63 29
67 29
68 29
73 29
79 29
81 29
91 29
93 29
94 29
95 29
102 29
108 29
57 30
59 30
60 30
61 30
63 30
67 30
68 30
69 30
73 30
75 30
76 30
77 30
79 30
80 30
81 30
82 30
89 30
91 30
92 30
93 30
95 30
96 30
97 30
100 30
105 30
61 31
59 32
60 32
62 32
63 32
67 32
68 32
69 32
72 32
73 32
75 32
76 32
77 32
79 32
81 32
82 32
91 32
92 32
93 32
95 32
100 32
57 33
58 33
59 33
60 33
61 33
63 33
64 33
67 33
69 33
71 33
73 33
77 33
79 33
80 33
81 33
82 33
89 33
91 33
92 33
93 33
94 33
96 33
98 33
100 33
105 33
59 34
60 34
61 34
67 34
68 34
71 34
72 34
74 34
77 34
81 34
91 34
60 35
62 35
67 35
68 35
74 35
76 35
79 35
81 35
82 35
91 35
93 35
61 36
63 36
58 37
69 37
77 37
58 38
59 38
60 38
61 38
63 38
64 38
65 38
69 38
76 38
77 38
79 38
81 38
82 38
89 38
91 38
92 38
93 38
94 38
105 38
60 39
61 39
63 39
67 39
68 39
69 39
72 39
73 39
74 39
76 39
79 39
91 39
93 39
97 39
98 39
100 39
105 39
59 40
60 40
63 40
67 40
68 40
69 40
74 40
76 40
77 40
79 40
93 40
95 40
97 40
100 40
59 41
61 41
68 41
69 41
76 41
79 41
81 41
82 41
91 41
93 41
95 41
97 41
100 41
58 42
63 42
64 42
69 42
76 42
77 42
79 42
82 42
92 42
93 42
94 42
100 42
105 42
100 43
59 44
60 44
95 44
58 45
60 45
71 45
105 45
59 46
69 46
73 46
75 46
91 46
92 46
67 47
91 47
57 48
58 48
59 48
60 48
61 48
63 48
67 48
71 48
72 48
76 48
92 48
103 48
105 48
59 49
61 49
67 49
68 49
69 49
71 49
73 49
74 49
75 49
76 49
81 49
91 49
95 49
103 49
77 50
79 50
93 50
57 51
59 51
61 51
62 51
68 51
74 51
75 51
77 51
79 51
90 51
93 51
97 51
102 51
108 51
60 52
73 53
81 53
90 53
100 54
60 55
79 55
81 55
82 55
89 55
93 55
105 55
82 56
109 60
78 63
101 63
85 67
99 67
109 67
85 68
99 68
109 68
85 69
99 69
59 71
78 71
85 71
99 71
101 71
78 72
101 72
85 74
99 74
59 79
68 79
78 79
85 79
97 79
99 79
101 79
109 79
109 81
85 83
59 84
109 85
85 86
99 86
78 92
101 92
85 93
99 93
85 94
99 94
97 97
109 99
85 101
99 101
101 102
85 104
99 104
109 104
