50 1
51 1
52 1
53 1
54 1
55 1
56 1
57 1
58 1
59 1
60 1
61 1
62 1
63 1
64 1
65 1
66 1
67 1
68 1
71 1
72 1
73 1
74 1
75 1
76 1
77 1
78 1
79 1
81 1
82 1
83 1
84 1
85 1
86 1
87 1
51 2
62 2
68 2
78 2
87 2
50 3
51 3
52 3
53 3
58 3
67 3
72 3
74 3
79 3
81 3
85 3
86 3
52 4
53 4
81 4
82 4
51 5
52 5
53 5
54 5
58 5
61 5
63 5
65 5
67 5
72 5
77 5
79 5
82 5
85 5
56 6
57 6
58 6
61 6
63 6
66 6
67 6
75 6
76 6
85 6
51 7
54 7
63 7
67 7
85 7
50 8
50 9
51 9
52 9
53 9
54 9
56 9
57 9
58 9
61 9
63 9
64 9
65 9
66 9
67 9
71 9
72 9
74 9
75 9
77 9
79 9
81 9
82 9
85 9
86 9
64 10
65 10
77 10
81 10
82 10
51 11
53 11
54 11
58 11
61 11
79 11
58 12
63 12
52 13
54 13
58 13
52 14
58 14
61 14
64 14
75 14
85 14
73 15
75 15
73 16
50 17
51 17
52 17
53 17
54 17
55 17
58 17
59 17
60 17
61 17
63 17
72 17
73 17
79 17
83 17
85 17
50 18
51 18
52 18
54 18
55 18
56 18
57 18
58 18
59 18
60 18
61 18
63 18
66 18
67 18
73 18
79 18
82 18
85 18
85 19
52 20
54 20
58 20
64 20
72 20
82 20
85 20
63 21
67 21
85 21
51 22
52 22
54 22
58 22
64 22
66 22
75 22
79 22
51 23
52 23
54 23
56 23
57 23
58 23
61 23
63 23
66 23
67 23
71 23
85 23
51 24
58 24
61 24
67 24
61 25
66 25
71 25
76 25
79 25
84 25
85 25
51 26
52 26
53 26
54 26
55 26
56 26
57 26
58 26
59 26
61 26
72 26
79 26
85 26
63 27
72 27
73 27
52 28
53 28
54 28
58 28
60 28
63 28
66 28
72 28
73 28
79 28
83 28
85 28
52 29
54 29
58 29
64 29
65 29
66 29
67 29
75 29
77 29
82 29
85 29
50 30
51 31
52 31
54 31
58 31
85 31
54 32
55 32
58 32
59 32
60 32
61 32
67 32
72 32
79 32
85 32
67 33
73 33
52 34
60 34
61 34
67 34
82 34
54 35
58 35
64 35
72 35
73 35
82 35
86 35
54 36
64 36
61 37
64 37
52 38
54 38
61 38
63 38
65 38
72 38
73 38
74 38
76 38
77 38
79 38
76 39
82 39
81 40
82 40
61 41
52 42
85 42
51 43
54 43
61 43
63 43
64 43
71 43
73 43
79 43
82 43
85 43
51 44
53 44
54 44
60 44
61 44
64 44
75 44
85 44
50 45
51 45
52 45
54 45
85 45
52 46
58 46
85 46
51 47
53 48
51 49
52 49
58 49
65 49
74 49
77 49
82 49
85 49
51 50
87 50
87 51
87 52
87 54
87 55
51 56
52 56
62 56
51 57
62 57
62 58
87 58
68 61
78 61
87 61
87 62
62 63
68 63
78 63
87 63
80 64
87 65
87 66
87 67
87 68
51 73
70 73
85 73
87 78
87 79
87 80
68 82
78 82
87 82
70 85
87 85
